image_width: 640
image_height: 480
camera_name: camera
camera_matrix:
  rows: 3
  cols: 3
  data: [557.5051883058682, 0, 291.6246199612586, 0, 600.5878717634941, 254.0522775820624, 0, 0, 1]
distortion_model: plumb_bob
distortion_coefficients:
  rows: 1
  cols: 5
  data: [0.09905042025133257, 0.08630212811472981, -0.003739229365007545, -0.0005365709403452635, 0]
rectification_matrix:
  rows: 3
  cols: 3
  data: [1, 0, 0, 0, 1, 0, 0, 0, 1]
projection_matrix:
  rows: 3
  cols: 4
  data: [594.0145263671875, 0, 293.7041997206616, 0, 0, 641.3709716796875, 251.8963433380959, 0, 0, 0, 1, 0]